135.5
134.5
134.0
127.5
131.0
131.0
133.5
131.0
131.5
131.5
129.5
135.5
135.5
126.5
134.0
131.5
132.5
128.5
131.5
134.5
130.5
1.0
132.5
129.5
70.5
131.5
132.5
132.0
132.5
129.5
135.5
129.5
132.5
130.5
131.5
134.0
72.0
67.5
130.5
135.0
132.0
133.5
130.5
129.5
129.5
132.0
130.5
134.0
129.5
136.0
129.5
127.5
133.5
131.0
134.0
131.5
128.5
132.0
132.5
136.0
132.0
133.5
132.0
132.5
132.0
129.0
138.5
133.5
134.0
132.5
132.5
134.0
134.5
131.5
133.0
135.5
132.0
130.5
130.5
128.0
130.0
133.0
132.0
136.0
135.5
132.5
135.5
130.5
136.5
136.5
129.5
129.0
130.0
138.5
135.0
127.5
126.5
135.5
135.5
130.5
127.5
131.5
136.5
134.5
136.5
133.5
133.0
131.5
130.0
136.5
135.5
135.0
134.0
133.0
131.5
130.5
132.5
135.5
133.5
129.5
133.0
136.5
129.0
135.5
133.5
133.5
134.0
129.5
133.5
132.0
134.5
137.0
130.5
129.5
130.5
131.5
133.5
137.5
134.5
130.5
131.0
134.0
137.5
132.5
128.0
129.0
132.0
136.5
129.5
128.0
127.5
128.0
135.0
128.5
129.0
135.0
137.5
136.0
131.5
131.0
130.0
134.0
135.5
133.0
134.5
134.0
133.0
132.0
135.0
132.0
135.5
132.5
130.5
127.5
131.5
131.0
134.0
131.0
129.0
130.0
129.0
129.5
133.0
132.0
127.5
131.5
135.0
134.0
133.0
133.0
130.0
130.5
127.5
133.0
135.0
134.0
135.5
131.5
129.5
128.5
138.5
134.0
132.0
135.5
132.0
128.0
127.5
134.5
130.0
130.5
131.0
129.5
125.5
130.0
130.5
134.5
137.5
129.5
132.5
134.0
131.5
134.0
128.5
131.5
134.0
133.5
134.0
133.0
132.5
130.5
126.5
128.5
130.0
128.0
131.5
131.0
129.5
132.5
131.0
129.5
127.5
135.0
126.5
141.5
132.5
133.0
136.0
131.0
129.0
134.5
130.5
127.5
133.0
133.5
131.5
135.5
134.0
131.0
133.5
133.5
133.5
127.5
132.0
132.5
134.5
132.0
132.0
128.0
132.0
136.0
136.0
132.5
134.5
137.0
131.0
131.5
137.0
130.5
128.0
133.0
129.5
135.0
140.0
130.5
134.5
129.0
136.0
128.0
133.5
136.5
135.0
127.5
131.5
139.5
131.5
128.5
136.0
135.0
131.5
131.5
133.5
127.5
135.5
135.5
128.0
130.0
127.5
128.0
130.0
126.5
142.5
134.5
134.5
124.5
126.5
129.5
131.0
129.5
131.5
127.0
127.5
135.0
134.5
131.5
126.0
130.5
132.0
138.0
131.5
135.5
125.0
133.0
127.5
136.5
131.5
131.5
131.0
124.0
128.5
137.5
133.5
130.0
131.0
129.0
133.0
131.0
125.5
129.5
132.0
129.5
137.5
128.5
130.0
131.0
134.5
130.0
131.5
131.5
136.5
134.0
132.0
136.0
126.5
128.0
133.5
135.5
129.0
133.0
131.5
132.0
129.5
126.0
126.0
130.5
135.0
129.0
131.0
130.5
131.5
135.5
133.5
134.0
131.5
126.0
130.0
131.0
131.5
130.5
133.5
130.0
125.0
126.5
133.5
132.0
129.5
133.5
130.5
132.5
136.0
135.0
130.0
129.5
134.0
135.5
131.5
135.5
135.5
131.5
130.0
130.0
131.5
132.0
129.5
131.5
127.5
136.0
131.0
134.5
135.0
126.5
128.0
131.5
131.5
127.0
130.0
130.5
136.5
130.5
129.0
130.0
130.5
135.5
125.5
130.5
130.0
127.5
132.5
133.5
130.0
127.5
126.0
132.0
127.0
126.0
130.5
127.5
127.5
129.5
131.5
133.0
129.5
127.0
129.0
126.5
130.5
130.0
126.5
128.5
126.5
126.5
127.5
134.0
136.5
129.5
130.0
128.5
130.0
127.5
130.5
135.0
137.5
130.0
129.5
134.5
130.5
127.5
132.5
129.0
132.5
130.0
133.5
127.5
129.5
129.0
124.5
126.5
126.0
128.0
130.0
133.0
129.5
131.0
128.5
132.5
129.5
199.5
133.5
133.5
130.0
127.5
114.0
227.5
113.5
134.5
129.5
130.0
128.5
130.0
132.5
126.5
127.5
129.0
135.5
129.5
126.5
127.5
132.5
127.0
131.0
124.5
132.5
128.0
129.5
135.5
131.5
129.0
131.5
132.0
131.5
130.5
130.5
136.5
135.5
131.5
129.0
130.5
130.0
129.0
130.5
128.0
126.5
133.5
131.0
129.0
128.0
131.5
132.5
128.5
134.5
130.0
127.5
130.0
129.5
131.5
127.5
131.0
129.0
127.5
135.5
128.0
127.0
131.0
131.0
129.5
126.0
128.5
128.5
131.0
126.0
132.5
128.0
130.0
133.0
127.5
128.5
131.5
135.5
133.0
133.0
131.0
132.0
128.0
132.0
130.0
132.5
128.5
127.5
130.5
130.0
131.5
128.5
126.5
132.0
126.5
129.5
128.0
127.0
126.5
133.5
128.5
135.5
133.5
132.5
132.0
132.5
131.5
131.0
131.0
129.5
130.5
127.0
127.5
125.0
129.5
130.5
130.5
132.5
128.0
129.5
126.5
125.5
125.0
131.5
130.0
131.5
128.5
127.0
134.0
129.0
132.5
130.0
129.5
129.0
129.0
126.5
127.5
128.0
125.5
131.0
129.5
